# File generated by CMD 2.8 (http://stev.oapd.inaf.it/cmd) on Mon Oct 17 19:20:27 CEST 2016
# PARSEC isochrones, release v1.2S
# Basic references: Bressan et al. (2012), MNRAS, 427, 127 + Chen et al. (2014, 2015), MNRAS, 444, 2525 + MNRAS, 452, 1068 + Tang et al. (2014), MNRAS, 445, 4287
# Warning: you choose not to include the TP-AGB phase!
# Photometric system: <i>UBVRIJHK</i> (cf. Maiz-Apellaniz 2006 + Bessell 1990)
# Using NBC version of bolometric corrections as in Chen et al. (2014), MNRAS, 444, 2525
# BCs of Carbon stars derive from Aringer et al. (2009, A&A 503, 913)
# O-rich circumstellar dust ignored
# C-rich circumstellar dust ignored
# IMF: Chabrier (2001) lognormal 
# On RGB, assumed Reimers mass loss with efficiency eta=0.2
# Kind of output: isochrone tables
#	Isochrone  Z = 0.01520	Y = 0.27554	[M/H] = 0.015	eta_R = 0.200	Age = 	1.0000e+09 yr
#      Z	log(age/yr)	M_ini   	M_act	logL/Lo	logTe	logG	mbol    U       B       V       R       I       J       H       K	int_IMF	stage
	0.015200	9.0000	0.09000000	0.0900	-3.3875	3.3654	5.1934	13.239	25.564	21.961	19.926	17.090	14.417	11.052	10.462	10.154	1.46765435	0
	0.015200	9.0000	0.10000000	0.1000	-3.2230	3.3893	5.1700	12.827	23.721	20.584	18.647	16.129	13.665	10.700	10.106	9.793	1.57040203	0
	0.015200	9.0000	0.12000000	0.1200	-2.9750	3.4228	5.1354	12.208	21.092	18.606	16.802	14.731	12.561	10.163	9.563	9.245	1.74782515	0
	0.015200	9.0000	0.12296230	0.1230	-2.9480	3.4259	5.1314	12.140	20.838	18.412	16.621	14.591	12.449	10.103	9.503	9.184	1.77142084	0
	0.015200	9.0000	0.14000000	0.1400	-2.7939	3.4430	5.1019	11.755	19.553	17.397	15.681	13.851	11.847	9.758	9.155	8.838	1.89584959	0
	0.015200	9.0000	0.14938372	0.1494	-2.7258	3.4495	5.0883	11.585	19.061	16.998	15.310	13.551	11.601	9.603	8.999	8.685	1.95707631	1
	0.015200	9.0000	0.16000000	0.1600	-2.6533	3.4565	5.0734	11.403	18.546	16.582	14.914	13.232	11.345	9.440	8.834	8.522	2.02115250	1
	0.015200	9.0000	0.20000000	0.2000	-2.4381	3.4752	5.0298	10.865	17.209	15.467	13.859	12.359	10.636	8.947	8.338	8.037	2.22178221	1
	0.015200	9.0000	0.25000000	0.2500	-2.2361	3.4916	4.9905	10.360	16.104	14.516	12.943	11.579	10.011	8.484	7.871	7.584	2.40809011	1
	0.015200	9.0000	0.30000001	0.3000	-2.0814	3.5026	4.9589	9.973	15.383	13.877	12.337	11.046	9.562	8.122	7.506	7.229	2.54750419	1
	0.015200	9.0000	0.31358048	0.3136	-2.0345	3.5051	4.9411	9.856	15.191	13.705	12.173	10.899	9.433	8.010	7.394	7.119	2.57949424	1
	0.015200	9.0000	0.34999999	0.3500	-1.9270	3.5121	4.9093	9.587	14.730	13.288	11.778	10.546	9.131	7.758	7.138	6.870	2.65552020	0
	0.015200	9.0000	0.35695958	0.3570	-1.9050	3.5137	4.9025	9.533	14.635	13.201	11.696	10.472	9.069	7.707	7.086	6.820	2.66861582	0
	0.015200	9.0000	0.40000001	0.4000	-1.7802	3.5231	4.8648	9.221	14.103	12.712	11.231	10.056	8.719	7.418	6.790	6.534	2.74133730	0
	0.015200	9.0000	0.44999999	0.4500	-1.6307	3.5353	4.8152	8.847	13.491	12.135	10.683	9.563	8.305	7.074	6.437	6.193	2.81098008	0
	0.015200	9.0000	0.50000000	0.5000	-1.4755	3.5499	4.7639	8.459	12.874	11.534	10.109	9.043	7.877	6.723	6.074	5.844	2.86847806	0
	0.015200	9.0000	0.51321495	0.5132	-1.4315	3.5550	4.7519	8.349	12.695	11.354	9.935	8.886	7.754	6.627	5.974	5.749	2.88203883	0
	0.015200	9.0000	0.55000001	0.5500	-1.3150	3.5684	4.7190	8.057	12.236	10.887	9.483	8.473	7.434	6.372	5.710	5.499	2.91663504	0
	0.015200	9.0000	0.60000002	0.6000	-1.1534	3.5917	4.6882	7.654	11.576	10.204	8.832	7.879	6.996	6.031	5.350	5.172	2.95739889	0
	0.015200	9.0000	0.64096117	0.6410	-1.0212	3.6127	4.6688	7.323	11.032	9.632	8.314	7.411	6.645	5.748	5.061	4.918	2.98642826	1
	0.015200	9.0000	0.64999998	0.6500	-0.9930	3.6174	4.6656	7.253	10.910	9.507	8.204	7.311	6.571	5.689	5.002	4.866	2.99236870	1
	0.015200	9.0000	0.69999999	0.7000	-0.8388	3.6454	4.6555	6.867	10.103	8.760	7.572	6.762	6.168	5.373	4.717	4.619	3.02253795	1
	0.015200	9.0000	0.72840989	0.7284	-0.7538	3.6620	4.6541	6.655	9.522	8.323	7.217	6.471	5.945	5.208	4.597	4.512	3.03788853	1
	0.015200	9.0000	0.75000000	0.7500	-0.6917	3.6742	4.6535	6.499	9.084	8.014	6.967	6.272	5.783	5.090	4.518	4.440	3.04879928	1
	0.015200	9.0000	0.80000001	0.8000	-0.5600	3.6943	4.6304	6.170	8.318	7.460	6.505	5.891	5.449	4.826	4.317	4.248	3.07187057	1
	0.015200	9.0000	0.83127236	0.8313	-0.4805	3.7064	4.6157	5.971	7.876	7.144	6.240	5.670	5.252	4.669	4.196	4.132	3.08489370	1
	0.015200	9.0000	0.85000002	0.8500	-0.4343	3.7135	4.6076	5.856	7.626	6.965	6.090	5.544	5.140	4.580	4.127	4.066	3.09222293	1
	0.015200	9.0000	0.89999998	0.9000	-0.3146	3.7309	4.5824	5.556	7.017	6.527	5.720	5.226	4.851	4.346	3.940	3.886	3.11026096	1
	0.015200	9.0000	0.91932803	0.9193	-0.2697	3.7371	4.5715	5.444	6.801	6.367	5.586	5.110	4.745	4.259	3.869	3.817	3.11669564	1
	0.015200	9.0000	0.94999999	0.9500	-0.2002	3.7467	4.5545	5.270	6.475	6.124	5.383	4.932	4.583	4.125	3.759	3.711	3.12635612	1
	0.015200	9.0000	0.95672953	0.9567	-0.1851	3.7486	4.5503	5.233	6.406	6.073	5.339	4.894	4.548	4.096	3.734	3.687	3.12839079	1
	0.015200	9.0000	1.00000000	0.9999	-0.0901	3.7608	4.5232	4.995	6.002	5.760	5.072	4.656	4.328	3.909	3.576	3.532	3.14080405	1
	0.015200	9.0000	1.04999995	1.0499	0.0163	3.7734	4.4885	4.729	5.576	5.416	4.781	4.395	4.086	3.703	3.398	3.359	3.15380883	1
	0.015200	9.0000	1.08756495	1.0875	0.0940	3.7821	4.4607	4.535	5.269	5.168	4.573	4.211	3.917	3.556	3.267	3.234	3.16273236	1
	0.015200	9.0000	1.10000002	1.0999	0.1192	3.7848	4.4515	4.472	5.165	5.087	4.507	4.154	3.864	3.509	3.225	3.193	3.16554141	1
	0.015200	9.0000	1.10063601	1.1006	0.1205	3.7850	4.4510	4.469	5.160	5.083	4.504	4.151	3.862	3.507	3.223	3.191	3.16568327	1
	0.015200	9.0000	1.14999998	1.1499	0.2183	3.7952	4.4131	4.224	4.785	4.778	4.250	3.928	3.655	3.322	3.054	3.029	3.17617631	1
	0.015200	9.0000	1.16191423	1.1618	0.2415	3.7976	4.4040	4.166	4.700	4.706	4.190	3.874	3.605	3.277	3.014	2.990	3.17856479	1
	0.015200	9.0000	1.20000005	1.1999	0.3143	3.8050	4.3748	3.984	4.459	4.487	4.001	3.701	3.444	3.134	2.885	2.864	3.18585706	1
	0.015200	9.0000	1.24121189	1.2411	0.3897	3.8126	4.3445	3.796	4.224	4.263	3.806	3.521	3.276	2.984	2.750	2.731	3.19320512	1
	0.015200	9.0000	1.25000000	1.2499	0.4055	3.8142	4.3381	3.756	4.176	4.216	3.765	3.483	3.240	2.952	2.722	2.703	3.19470429	1
	0.015200	9.0000	1.29999995	1.2999	0.4918	3.8228	4.3035	3.541	3.917	3.962	3.543	3.278	3.049	2.781	2.569	2.551	3.20280719	1
	0.015200	9.0000	1.35000002	1.3499	0.5741	3.8315	4.2720	3.335	3.674	3.720	3.330	3.082	2.868	2.621	2.425	2.409	3.21023273	1
	0.015200	9.0000	1.39999998	1.3999	0.6525	3.8402	4.2445	3.139	3.450	3.491	3.129	2.898	2.699	2.471	2.293	2.279	3.21705914	1
	0.015200	9.0000	1.42287099	1.4227	0.6872	3.8446	4.2345	3.052	3.351	3.387	3.039	2.817	2.626	2.408	2.239	2.225	3.22000074	1
	0.015200	9.0000	1.45000005	1.4499	0.7278	3.8497	4.2221	2.950	3.236	3.267	2.934	2.723	2.540	2.333	2.174	2.161	3.22335362	1
	0.015200	9.0000	1.49620962	1.4961	0.7951	3.8587	4.2048	2.782	3.047	3.067	2.761	2.568	2.401	2.214	2.073	2.060	3.22874832	1
	0.015200	9.0000	1.50000000	1.4999	0.8005	3.8594	4.2033	2.769	3.032	3.051	2.747	2.555	2.390	2.205	2.065	2.052	3.22917390	1
	0.015200	9.0000	1.54999995	1.5499	0.8699	3.8683	4.1836	2.595	2.843	2.850	2.569	2.396	2.247	2.080	1.957	1.945	3.23456979	1
	0.015200	9.0000	1.55019462	1.5501	0.8702	3.8683	4.1836	2.595	2.842	2.849	2.568	2.395	2.247	2.080	1.957	1.945	3.23459005	1
	0.015200	9.0000	1.59547055	1.5954	0.9311	3.8754	4.1633	2.442	2.679	2.674	2.413	2.255	2.120	1.967	1.857	1.846	3.23914456	1
	0.015200	9.0000	1.60000002	1.5999	0.9371	3.8761	4.1612	2.427	2.663	2.657	2.398	2.241	2.107	1.956	1.847	1.836	3.23958373	1
	0.015200	9.0000	1.60013282	1.6001	0.9373	3.8761	4.1611	2.427	2.663	2.657	2.397	2.240	2.106	1.955	1.847	1.835	3.23959661	1
	0.015200	9.0000	1.63673258	1.6367	0.9853	3.8807	4.1415	2.307	2.536	2.521	2.275	2.128	2.003	1.862	1.762	1.750	3.24303913	1
	0.015200	9.0000	1.64999998	1.6500	1.0027	3.8822	4.1335	2.263	2.491	2.473	2.231	2.087	1.965	1.827	1.729	1.718	3.24424219	1
	0.015200	9.0000	1.66570282	1.6657	1.0232	3.8839	4.1240	2.212	2.438	2.416	2.179	2.039	1.921	1.785	1.691	1.680	3.24563670	1
	0.015200	9.0000	1.69577193	1.6958	1.0622	3.8868	4.1044	2.115	2.338	2.309	2.081	1.947	1.834	1.705	1.616	1.605	3.24822140	1
	0.015200	9.0000	1.70000005	1.7000	1.0677	3.8872	4.1016	2.101	2.324	2.294	2.067	1.934	1.822	1.693	1.605	1.594	3.24857616	1
	0.015200	9.0000	1.71647155	1.7165	1.0889	3.8887	4.0904	2.048	2.269	2.236	2.013	1.884	1.774	1.649	1.563	1.552	3.24993825	1
	0.015200	9.0000	1.75000000	1.7500	1.1319	3.8912	4.0657	1.940	2.159	2.119	1.904	1.781	1.677	1.556	1.475	1.464	3.25261688	1
	0.015200	9.0000	1.77145648	1.7715	1.1593	3.8925	4.0489	1.872	2.089	2.046	1.835	1.715	1.614	1.495	1.417	1.405	3.25426793	1
	0.015200	9.0000	1.79999995	1.8000	1.1958	3.8936	4.0237	1.781	1.998	1.949	1.743	1.626	1.527	1.411	1.334	1.323	3.25639176	1
	0.015200	9.0000	1.81811321	1.8181	1.2189	3.8939	4.0063	1.723	1.940	1.888	1.685	1.568	1.471	1.355	1.280	1.268	3.25769854	1
	0.015200	9.0000	1.84361970	1.8436	1.2515	3.8939	3.9799	1.641	1.859	1.804	1.602	1.487	1.390	1.274	1.199	1.187	3.25948691	1
	0.015200	9.0000	1.85000002	1.8500	1.2596	3.8938	3.9728	1.621	1.839	1.783	1.582	1.466	1.369	1.253	1.178	1.166	3.25992513	1
	0.015200	9.0000	1.87225974	1.8723	1.2877	3.8932	3.9476	1.551	1.770	1.712	1.510	1.394	1.297	1.180	1.104	1.092	3.26142621	1
	0.015200	9.0000	1.89999998	1.9000	1.3224	3.8916	3.9128	1.464	1.686	1.625	1.422	1.304	1.204	1.083	1.006	0.994	3.26323819	1
	0.015200	9.0000	1.91898119	1.9190	1.3460	3.8900	3.8871	1.405	1.629	1.568	1.361	1.240	1.138	1.015	0.935	0.923	3.26444221	1
	0.015200	9.0000	1.94889581	1.9489	1.3829	3.8857	3.8396	1.313	1.545	1.483	1.267	1.139	1.030	0.898	0.812	0.799	3.26628351	1
	0.015200	9.0000	1.95000005	1.9500	1.3843	3.8855	3.8377	1.309	1.542	1.480	1.264	1.135	1.026	0.893	0.807	0.794	3.26635003	1
	0.015200	9.0000	1.96037149	1.9604	1.3969	3.8837	3.8203	1.278	1.513	1.452	1.231	1.100	0.987	0.851	0.762	0.749	3.26697183	1
	0.015200	9.0000	1.98626208	1.9863	1.4277	3.8781	3.7727	1.201	1.448	1.387	1.153	1.011	0.889	0.742	0.644	0.630	3.26849055	1
	0.015200	9.0000	2.00000000	2.0000	1.4437	3.8740	3.7434	1.161	1.417	1.357	1.113	0.963	0.834	0.679	0.574	0.560	3.26927757	1
	0.015200	9.0000	2.01166701	2.0117	1.4574	3.8706	3.7187	1.126	1.390	1.332	1.078	0.921	0.787	0.625	0.515	0.500	3.26993537	1
	0.015200	9.0000	2.03318334	2.0332	1.4820	3.8625	3.6661	1.065	1.348	1.292	1.018	0.845	0.697	0.518	0.394	0.378	3.27112389	1
	0.015200	9.0000	2.04999995	2.0500	1.5008	3.8554	3.6224	1.018	1.320	1.267	0.972	0.786	0.626	0.431	0.295	0.278	3.27203131	1
	0.015200	9.0000	2.05478168	2.0548	1.5061	3.8533	3.6097	1.005	1.313	1.261	0.960	0.770	0.605	0.406	0.266	0.249	3.27228594	1
	0.015200	9.0000	2.07025433	2.0703	1.5230	3.8454	3.5645	0.962	1.296	1.245	0.921	0.716	0.537	0.321	0.167	0.148	3.27309990	1
	0.015200	9.0000	2.08415246	2.0842	1.5392	3.8377	3.5206	0.922	1.282	1.233	0.886	0.664	0.473	0.239	0.071	0.050	3.27381825	1
	0.015200	9.0000	2.09999990	2.1000	1.5629	3.8319	3.4768	0.863	1.246	1.194	0.830	0.597	0.396	0.149	-0.031	-0.052	3.27462268	1
	0.015200	9.0000	2.10108829	2.1011	1.5648	3.8317	3.4743	0.858	1.242	1.190	0.825	0.592	0.390	0.143	-0.037	-0.058	3.27467752	1
	0.015200	9.0000	2.10854244	2.1085	1.5919	3.8391	3.4785	0.790	1.148	1.092	0.751	0.534	0.345	0.115	-0.050	-0.070	3.27505016	1
	0.015200	9.0000	2.11098313	2.1110	1.6127	3.8491	3.4983	0.738	1.064	1.001	0.692	0.495	0.325	0.117	-0.029	-0.048	3.27517152	1
	0.015200	9.0000	2.11205649	2.1121	1.6317	3.8592	3.5197	0.691	0.988	0.917	0.638	0.462	0.311	0.125	-0.002	-0.019	3.27522492	1
	0.015200	9.0000	2.11264038	2.1126	1.6512	3.8692	3.5403	0.642	0.915	0.835	0.586	0.431	0.298	0.133	0.024	0.008	3.27525377	1
	0.015200	9.0000	2.11298394	2.1130	1.6724	3.8790	3.5587	0.589	0.840	0.751	0.532	0.398	0.282	0.137	0.044	0.029	3.27527070	1
	0.015200	9.0000	2.11319304	2.1132	1.6947	3.8883	3.5733	0.533	0.765	0.667	0.476	0.362	0.263	0.136	0.058	0.044	3.27528119	1
	0.015200	9.0000	2.11334801	2.1133	1.7181	3.8972	3.5857	0.475	0.690	0.584	0.423	0.326	0.242	0.132	0.066	0.053	3.27528882	1
	0.015200	9.0000	2.11341977	2.1134	1.7243	3.9003	3.5918	0.459	0.668	0.561	0.410	0.319	0.240	0.135	0.074	0.061	3.27529240	2
	0.015200	9.0000	2.11349964	2.1135	1.6931	3.8941	3.5982	0.537	0.758	0.657	0.484	0.381	0.292	0.175	0.105	0.092	3.27529621	2
	0.015200	9.0000	2.11355543	2.1136	1.6663	3.8857	3.5916	0.604	0.841	0.748	0.548	0.428	0.324	0.191	0.109	0.095	3.27529907	2
	0.015200	9.0000	2.11362600	2.1136	1.6495	3.8741	3.5619	0.646	0.908	0.825	0.590	0.445	0.321	0.166	0.064	0.049	3.27530265	2
	0.015200	9.0000	2.11370516	2.1137	1.6509	3.8627	3.5149	0.643	0.932	0.856	0.588	0.420	0.275	0.097	-0.024	-0.040	3.27530646	2
	0.015200	9.0000	2.11379981	2.1138	1.6598	3.8512	3.4600	0.621	0.942	0.872	0.571	0.380	0.214	0.011	-0.130	-0.149	3.27531123	2
	0.015200	9.0000	2.11390924	2.1139	1.6667	3.8396	3.4070	0.603	0.963	0.897	0.561	0.346	0.160	-0.069	-0.232	-0.252	3.27531648	2
	0.015200	9.0000	2.11403227	2.1140	1.6698	3.8282	3.3582	0.596	1.000	0.935	0.562	0.324	0.117	-0.137	-0.323	-0.345	3.27532268	2
	0.015200	9.0000	2.11416984	2.1142	1.6697	3.8170	3.3136	0.596	1.055	0.986	0.572	0.312	0.086	-0.195	-0.404	-0.428	3.27532935	2
	0.015200	9.0000	2.11433244	2.1143	1.6668	3.8059	3.2721	0.603	1.124	1.047	0.592	0.308	0.063	-0.245	-0.476	-0.503	3.27533746	2
	0.015200	9.0000	2.11453104	2.1145	1.6606	3.7951	3.2350	0.618	1.223	1.123	0.621	0.312	0.049	-0.286	-0.539	-0.569	3.27534723	2
	0.015200	9.0000	2.11480093	2.1148	1.6487	3.7840	3.2024	0.648	1.369	1.226	0.667	0.328	0.044	-0.317	-0.591	-0.627	3.27536058	2
	0.015200	9.0000	2.11513996	2.1151	1.6283	3.7726	3.1773	0.699	1.534	1.355	0.741	0.372	0.066	-0.325	-0.626	-0.666	3.27537751	2
	0.015200	9.0000	2.11543083	2.1154	1.6057	3.7638	3.1650	0.756	1.675	1.467	0.817	0.429	0.108	-0.308	-0.631	-0.673	3.27539182	2
	0.015200	9.0000	2.11573792	2.1157	1.5756	3.7551	3.1603	0.831	1.839	1.598	0.913	0.506	0.170	-0.270	-0.614	-0.658	3.27540684	2
	0.015200	9.0000	2.11600256	2.1160	1.5447	3.7478	3.1621	0.908	1.997	1.723	1.009	0.587	0.238	-0.224	-0.587	-0.632	3.27541995	2
	0.015200	9.0000	2.11631155	2.1163	1.5052	3.7396	3.1688	1.007	2.197	1.877	1.130	0.690	0.328	-0.159	-0.544	-0.591	3.27543521	2
	0.015200	9.0000	2.11661315	2.1166	1.4693	3.7318	3.1734	1.097	2.393	2.023	1.244	0.785	0.410	-0.101	-0.507	-0.556	3.27545023	2
	0.015200	9.0000	2.11676407	2.1168	1.4547	3.7280	3.1729	1.133	2.485	2.088	1.294	0.825	0.444	-0.079	-0.495	-0.546	3.27545762	3
	0.015200	9.0000	2.11699271	2.1170	1.4455	3.7226	3.1607	1.156	2.589	2.153	1.335	0.854	0.464	-0.077	-0.508	-0.560	3.27546883	3
	0.015200	9.0000	2.11744928	2.1174	1.4550	3.7130	3.1128	1.132	2.720	2.206	1.347	0.842	0.435	-0.137	-0.595	-0.650	3.27549124	3
	0.015200	9.0000	2.11782956	2.1178	1.4898	3.7066	3.0524	1.045	2.741	2.174	1.286	0.765	0.346	-0.248	-0.723	-0.781	3.27551007	3
	0.015200	9.0000	2.11820960	2.1182	1.5355	3.7015	2.9863	0.931	2.716	2.105	1.194	0.659	0.231	-0.381	-0.870	-0.930	3.27552867	3
	0.015200	9.0000	2.11851311	2.1185	1.5745	3.6979	2.9331	0.834	2.684	2.040	1.113	0.568	0.133	-0.491	-0.990	-1.051	3.27554369	3
	0.015200	9.0000	2.11881638	2.1188	1.6148	3.6947	2.8799	0.733	2.643	1.969	1.027	0.474	0.033	-0.602	-1.111	-1.174	3.27555871	3
	0.015200	9.0000	2.11911511	2.1191	1.6557	3.6916	2.8267	0.631	2.598	1.895	0.939	0.378	-0.069	-0.715	-1.233	-1.297	3.27557325	3
	0.015200	9.0000	2.11940479	2.1194	1.6964	3.6886	2.7742	0.529	2.553	1.822	0.852	0.283	-0.169	-0.827	-1.353	-1.419	3.27558756	3
	0.015200	9.0000	2.11968875	2.1197	1.7369	3.6858	2.7224	0.428	2.506	1.748	0.766	0.189	-0.269	-0.937	-1.472	-1.539	3.27560163	3
	0.015200	9.0000	2.11997128	2.1200	1.7768	3.6830	2.6717	0.328	2.460	1.675	0.681	0.096	-0.368	-1.045	-1.588	-1.657	3.27561545	3
	0.015200	9.0000	2.12018275	2.1202	1.8065	3.6811	2.6341	0.254	2.424	1.620	0.617	0.027	-0.441	-1.126	-1.675	-1.745	3.27562571	3
	0.015200	9.0000	2.12025261	2.1203	1.8164	3.6804	2.6217	0.229	2.411	1.602	0.595	0.004	-0.466	-1.153	-1.703	-1.774	3.27562928	3
	0.015200	9.0000	2.12053180	2.1205	1.8560	3.6778	2.5718	0.130	2.365	1.529	0.511	-0.088	-0.563	-1.260	-1.818	-1.890	3.27564287	3
	0.015200	9.0000	2.12060142	2.1206	1.8660	3.6772	2.5592	0.105	2.353	1.511	0.490	-0.111	-0.587	-1.287	-1.847	-1.919	3.27564645	3
	0.015200	9.0000	2.12080765	2.1208	1.8960	3.6752	2.5214	0.030	2.319	1.457	0.426	-0.180	-0.661	-1.368	-1.934	-2.007	3.27565646	3
	0.015200	9.0000	2.12107754	2.1211	1.9355	3.6726	2.4715	-0.069	2.282	1.388	0.343	-0.272	-0.758	-1.475	-2.049	-2.124	3.27566981	3
	0.015200	9.0000	2.12134480	2.1213	1.9755	3.6700	2.4210	-0.169	2.251	1.321	0.259	-0.365	-0.857	-1.584	-2.165	-2.241	3.27568293	3
	0.015200	9.0000	2.12160826	2.1216	2.0156	3.6671	2.3697	-0.269	2.225	1.257	0.177	-0.457	-0.956	-1.693	-2.282	-2.360	3.27569580	3
	0.015200	9.0000	2.12186766	2.1219	2.0558	3.6644	2.3184	-0.369	2.200	1.193	0.094	-0.549	-1.054	-1.802	-2.399	-2.479	3.27570844	3
	0.015200	9.0000	2.12211728	2.1221	2.0950	3.6616	2.2681	-0.467	2.176	1.131	0.014	-0.638	-1.151	-1.909	-2.514	-2.595	3.27572060	3
	0.015200	9.0000	2.12239933	2.1224	2.1401	3.6583	2.2100	-0.580	2.154	1.062	-0.076	-0.740	-1.260	-2.032	-2.646	-2.730	3.27573442	3
	0.015200	9.0000	2.12264371	2.1226	2.1799	3.6554	2.1588	-0.680	2.136	1.002	-0.155	-0.829	-1.357	-2.140	-2.763	-2.848	3.27574658	3
	0.015200	9.0000	2.12292910	2.1229	2.2270	3.6519	2.0974	-0.798	2.119	0.934	-0.247	-0.934	-1.471	-2.268	-2.902	-2.989	3.27576041	3
	0.015200	9.0000	2.12317777	2.1232	2.2693	3.6487	2.0426	-0.903	2.105	0.873	-0.328	-1.027	-1.574	-2.383	-3.026	-3.115	3.27577257	3
	0.015200	9.0000	2.12342334	2.1234	2.3118	3.6455	1.9874	-1.010	2.097	0.814	-0.409	-1.120	-1.676	-2.498	-3.150	-3.242	3.27578473	3
	0.015200	9.0000	2.12368441	2.1237	2.3563	3.6421	1.9292	-1.121	2.101	0.757	-0.491	-1.217	-1.783	-2.619	-3.281	-3.376	3.27579737	3
	0.015200	9.0000	2.12391353	2.1239	2.3946	3.6391	1.8790	-1.217	2.105	0.709	-0.562	-1.300	-1.875	-2.723	-3.394	-3.490	3.27580857	3
	0.015200	9.0000	2.12418747	2.1242	2.4382	3.6358	1.8220	-1.326	2.111	0.655	-0.640	-1.392	-1.979	-2.841	-3.521	-3.621	3.27582192	3
	0.015200	9.0000	2.12455416	2.1246	2.4831	3.6322	1.7631	-1.438	2.118	0.600	-0.720	-1.487	-2.085	-2.962	-3.653	-3.755	3.27584004	3
	0.015200	9.0000	2.12456965	2.1246	2.4844	3.6321	1.7613	-1.441	2.118	0.599	-0.723	-1.490	-2.088	-2.966	-3.656	-3.759	3.27584076	4
	0.015200	9.0000	2.12463927	2.1246	2.4518	3.6348	1.8047	-1.359	2.110	0.637	-0.665	-1.421	-2.011	-2.877	-3.560	-3.661	3.27584410	4
	0.015200	9.0000	2.12465930	2.1247	2.4215	3.6371	1.8443	-1.284	2.107	0.674	-0.611	-1.357	-1.939	-2.795	-3.472	-3.570	3.27584505	4
	0.015200	9.0000	2.12467670	2.1247	2.3912	3.6395	1.8840	-1.208	2.102	0.711	-0.557	-1.293	-1.867	-2.713	-3.383	-3.480	3.27584600	4
	0.015200	9.0000	2.12470198	2.1247	2.3509	3.6427	1.9372	-1.107	2.095	0.762	-0.483	-1.206	-1.770	-2.603	-3.264	-3.358	3.27584720	4
	0.015200	9.0000	2.12473440	2.1247	2.3017	3.6465	2.0017	-0.984	2.090	0.825	-0.391	-1.099	-1.652	-2.470	-3.119	-3.210	3.27584863	4
	0.015200	9.0000	2.12477803	2.1248	2.2506	3.6504	2.0683	-0.856	2.103	0.896	-0.295	-0.988	-1.529	-2.331	-2.969	-3.058	3.27585077	4
	0.015200	9.0000	2.12482357	2.1248	2.2114	3.6534	2.1196	-0.759	2.115	0.952	-0.219	-0.901	-1.434	-2.224	-2.854	-2.940	3.27585316	4
	0.015200	9.0000	2.12489319	2.1249	2.1628	3.6571	2.1829	-0.637	2.133	1.023	-0.124	-0.792	-1.316	-2.092	-2.710	-2.794	3.27585649	4
	0.015200	9.0000	2.12496018	2.1250	2.1243	3.6600	2.2330	-0.541	2.148	1.079	-0.049	-0.707	-1.223	-1.988	-2.597	-2.679	3.27585983	4
	0.015200	9.0000	2.12503791	2.1250	2.0859	3.6629	2.2830	-0.445	2.166	1.138	0.028	-0.620	-1.129	-1.883	-2.484	-2.564	3.27586365	4
	0.015200	9.0000	2.12515306	2.1252	2.0385	3.6663	2.3443	-0.326	2.192	1.211	0.124	-0.512	-1.013	-1.753	-2.344	-2.423	3.27586913	4
	0.015200	9.0000	2.12530303	2.1253	1.9909	3.6699	2.4060	-0.207	2.217	1.285	0.220	-0.403	-0.896	-1.623	-2.204	-2.280	3.27587652	4
	0.015200	9.0000	2.12552643	2.1255	1.9428	3.6733	2.4680	-0.087	2.248	1.362	0.320	-0.292	-0.777	-1.491	-2.063	-2.137	3.27588749	4
	0.015200	9.0000	2.12593913	2.1259	1.8872	3.6774	2.5399	0.052	2.295	1.456	0.435	-0.165	-0.640	-1.339	-1.899	-1.971	3.27590752	4
	0.015200	9.0000	2.12629366	2.1263	1.8414	3.6807	2.5990	0.166	2.342	1.536	0.531	-0.060	-0.528	-1.214	-1.764	-1.834	3.27592492	4
	0.015200	9.0000	2.12660027	2.1266	1.8021	3.6836	2.6499	0.265	2.385	1.607	0.614	0.032	-0.431	-1.107	-1.648	-1.717	3.27593970	4
	0.015200	9.0000	2.12703800	2.1270	1.7540	3.6870	2.7119	0.385	2.437	1.693	0.716	0.143	-0.313	-0.976	-1.507	-1.573	3.27596116	4
	0.015200	9.0000	2.12766576	2.1277	1.7042	3.6908	2.7768	0.510	2.490	1.781	0.821	0.258	-0.189	-0.839	-1.359	-1.424	3.27599168	4
	0.015200	9.0000	2.12855744	2.1286	1.6557	3.6945	2.8405	0.631	2.542	1.867	0.925	0.372	-0.069	-0.705	-1.214	-1.277	3.27603507	4
	0.015200	9.0000	2.12980747	2.1298	1.6169	3.6978	2.8927	0.728	2.578	1.934	1.007	0.462	0.027	-0.597	-1.096	-1.158	3.27609587	4
	0.015200	9.0000	2.13060594	2.1306	1.6065	3.6988	2.9073	0.754	2.585	1.951	1.028	0.486	0.053	-0.567	-1.064	-1.125	3.27613449	5
	0.015200	9.0000	2.15000010	2.1500	1.6320	3.6991	2.8867	0.690	2.516	1.885	0.963	0.422	-0.011	-0.630	-1.126	-1.187	3.27706480	5
	0.015200	9.0000	2.15375972	2.1538	1.6373	3.6991	2.8823	0.677	2.502	1.871	0.949	0.409	-0.024	-0.643	-1.139	-1.200	3.27724290	5
	0.015200	9.0000	2.18356347	2.1836	1.6793	3.6997	2.8485	0.572	2.385	1.761	0.841	0.303	-0.129	-0.747	-1.240	-1.301	3.27862644	5
	0.015200	9.0000	2.20000005	2.2000	1.7063	3.6997	2.8248	0.504	2.317	1.694	0.773	0.235	-0.196	-0.814	-1.308	-1.368	3.27936959	5
	0.015200	9.0000	2.20920563	2.2092	1.7218	3.6996	2.8109	0.466	2.278	1.655	0.735	0.197	-0.235	-0.853	-1.347	-1.407	3.27977967	5
	0.015200	9.0000	2.22989082	2.2299	1.7592	3.6991	2.7756	0.372	2.193	1.566	0.643	0.104	-0.328	-0.948	-1.443	-1.504	3.28068614	5
	0.015200	9.0000	2.25000000	2.2500	1.7974	3.6982	2.7375	0.276	2.115	1.479	0.552	0.011	-0.424	-1.047	-1.544	-1.606	3.28154731	5
	0.015200	9.0000	2.26346660	2.2635	1.8253	3.6970	2.7075	0.207	2.066	1.420	0.487	-0.057	-0.493	-1.121	-1.622	-1.683	3.28211331	6
	0.015200	9.0000	2.26884127	2.2688	1.8379	3.6962	2.6928	0.175	2.048	1.396	0.459	-0.087	-0.525	-1.155	-1.658	-1.720	3.28233695	6
	0.015200	9.0000	2.28254652	2.2825	1.8759	3.6932	2.6453	0.080	2.009	1.329	0.378	-0.175	-0.619	-1.260	-1.772	-1.836	3.28290129	6
	0.015200	9.0000	2.28997850	2.2900	1.8957	3.6921	2.6224	0.031	1.980	1.289	0.334	-0.222	-0.668	-1.314	-1.829	-1.893	3.28320360	6
	0.015200	9.0000	2.29517388	2.2952	1.9336	3.6879	2.5690	-0.064	1.964	1.234	0.260	-0.307	-0.761	-1.422	-1.949	-2.015	3.28341365	6
	0.015200	9.0000	2.29671049	2.2967	1.9767	3.6835	2.5085	-0.172	1.943	1.170	0.175	-0.404	-0.867	-1.544	-2.084	-2.153	3.28347564	6
	0.015200	9.0000	2.29732823	2.2973	2.0182	3.6796	2.4513	-0.276	1.928	1.109	0.093	-0.499	-0.970	-1.661	-2.213	-2.283	3.28350043	6
	0.015200	9.0000	2.29762697	2.2976	2.0620	3.6756	2.3918	-0.385	1.917	1.047	0.006	-0.598	-1.078	-1.784	-2.346	-2.419	3.28351235	6
	0.015200	9.0000	2.29775763	2.2978	2.1019	3.6722	2.3381	-0.485	1.904	0.988	-0.073	-0.689	-1.176	-1.895	-2.467	-2.542	3.28351760	6
	0.015200	9.0000	2.29782224	2.2978	2.1358	3.6694	2.2930	-0.570	1.891	0.938	-0.141	-0.766	-1.260	-1.989	-2.569	-2.646	3.28352022	6
	0.015200	9.0000	2.29785275	2.2979	2.1574	3.6675	2.2640	-0.624	1.886	0.908	-0.183	-0.814	-1.312	-2.049	-2.634	-2.712	3.28352141	7
	0.015200	9.0000	2.29787421	2.2979	2.1742	3.6662	2.2418	-0.666	1.879	0.883	-0.216	-0.852	-1.353	-2.095	-2.684	-2.763	3.28352237	7
	0.015200	9.0000	2.29798412	2.2980	2.1839	3.6655	2.2294	-0.690	1.874	0.868	-0.235	-0.874	-1.377	-2.121	-2.713	-2.792	3.28352690	7
	0.015200	9.0000	2.29821992	2.2982	2.1572	3.6677	2.2650	-0.623	1.881	0.906	-0.183	-0.814	-1.312	-2.048	-2.632	-2.710	3.28353620	7
	0.015200	9.0000	2.29999995	2.3000	2.1621	3.6673	2.2589	-0.635	1.880	0.899	-0.193	-0.825	-1.324	-2.061	-2.647	-2.725	3.28360772	7
	0.015200	9.0000	2.30041003	2.3004	2.1661	3.6670	2.2537	-0.645	1.878	0.893	-0.201	-0.834	-1.334	-2.072	-2.659	-2.737	3.28362417	7
	0.015200	9.0000	2.30145836	2.3015	2.1983	3.6644	2.2114	-0.726	1.867	0.846	-0.264	-0.907	-1.412	-2.161	-2.755	-2.835	3.28366613	7
	0.015200	9.0000	2.30241442	2.3024	2.2383	3.6612	2.1586	-0.826	1.852	0.787	-0.343	-0.997	-1.510	-2.271	-2.874	-2.956	3.28370428	7
	0.015200	9.0000	2.30319357	2.3032	2.2814	3.6577	2.1016	-0.933	1.842	0.727	-0.426	-1.092	-1.614	-2.389	-3.003	-3.087	3.28373551	7
	0.015200	9.0000	2.30378366	2.3038	2.3229	3.6543	2.0467	-1.037	1.832	0.669	-0.506	-1.184	-1.715	-2.502	-3.127	-3.212	3.28375912	7
	0.015200	9.0000	2.30426407	2.3043	2.3642	3.6510	1.9923	-1.140	1.825	0.612	-0.585	-1.275	-1.815	-2.615	-3.249	-3.337	3.28377819	7
	0.015200	9.0000	2.30463481	2.3046	2.4051	3.6476	1.9378	-1.243	1.834	0.562	-0.659	-1.363	-1.913	-2.727	-3.371	-3.462	3.28379297	7
	0.015200	9.0000	2.30485559	2.3049	2.4400	3.6447	1.8913	-1.330	1.842	0.520	-0.723	-1.439	-1.997	-2.823	-3.475	-3.568	3.28380179	7
	0.015200	9.0000	2.30510402	2.3051	2.4783	3.6416	1.8408	-1.426	1.848	0.472	-0.793	-1.522	-2.089	-2.927	-3.588	-3.683	3.28381181	7
	0.015200	9.0000	2.30537224	2.3054	2.5151	3.6385	1.7918	-1.518	1.858	0.428	-0.859	-1.600	-2.176	-3.027	-3.697	-3.795	3.28382254	7
	0.015200	9.0000	2.30564570	2.3056	2.5539	3.6353	1.7402	-1.615	1.870	0.384	-0.927	-1.681	-2.268	-3.133	-3.811	-3.912	3.28383350	7
	0.015200	9.0000	2.30590892	2.3059	2.5932	3.6321	1.6881	-1.713	1.879	0.338	-0.996	-1.764	-2.361	-3.239	-3.927	-4.031	3.28384399	7
	0.015200	9.0000	2.30616856	2.3062	2.6334	3.6288	1.6348	-1.813	1.889	0.292	-1.066	-1.847	-2.456	-3.348	-4.045	-4.151	3.28385425	7
	0.015200	9.0000	2.30642509	2.3064	2.6743	3.6253	1.5799	-1.916	1.904	0.248	-1.134	-1.930	-2.552	-3.458	-4.165	-4.275	3.28386450	7
	0.015200	9.0000	2.30667615	2.3067	2.7159	3.6220	1.5249	-2.020	1.914	0.202	-1.204	-2.015	-2.650	-3.570	-4.287	-4.399	3.28387451	7
	0.015200	9.0000	2.30692339	2.3069	2.7576	3.6184	1.4692	-2.124	1.922	0.155	-1.273	-2.098	-2.747	-3.682	-4.409	-4.525	3.28388429	7
	0.015200	9.0000	2.30717254	2.3072	2.8015	3.6147	1.4104	-2.234	1.926	0.105	-1.343	-2.181	-2.849	-3.799	-4.537	-4.658	3.28389430	7
	0.015200	9.0000	2.30739594	2.3074	2.8509	3.6105	1.3440	-2.357	1.933	0.049	-1.421	-2.276	-2.963	-3.932	-4.682	-4.808	3.28390312	7
	0.015200	9.0000	2.30818319	2.3082	3.2835	3.5709	0.7534	-3.439	2.140	-0.266	-1.932	-2.919	-3.940	-5.097	-5.931	-6.124	3.28393435	8
